10.000000 0.000000
10.000000 0.500000
9.975000 1.000000
9.925093 1.498755
9.850436 1.995028
9.751243 2.487596
9.627793 2.975252
9.480424 3.456806
9.309533 3.931090
9.115576 4.396965
8.899067 4.853316
8.660574 5.299063
8.400719 5.733161
8.120179 6.154601
7.819675 6.562417
7.499981 6.955688
7.161910 7.333537
6.806320 7.695138
6.434107 8.039718
6.046200 8.366554
5.643562 8.674983
5.227181 8.964396
4.798072 9.234242
4.357268 9.484034
3.905820 9.713340
3.444791 9.921792
2.975253 10.109081
2.498281 10.274960
2.014952 10.419242
1.526341 10.541799
1.033516 10.642561
0.537533 10.721516
0.039436 10.778708
-0.459746 10.814232
-0.959008 10.828239
-1.457363 10.820927
-1.953852 10.792542
-2.447542 10.743373
-2.937529 10.673755
-3.422943 10.584061
-3.902944 10.474699
-4.376728 10.346113
-4.843527 10.198779
-5.302607 10.033200
-5.753274 9.849906
-6.194870 9.649449
-6.626776 9.432402
-7.048410 9.199355
-7.459229 8.950913
-7.858728 8.687697
-8.246437 8.410333
-8.621925 8.119461
-8.984798 7.815721
-9.334695 7.499762
-9.671292 7.172233
-9.994296 6.833783
-10.303449 6.485062
-10.598523 6.126714
-10.879323 5.759381
-11.145680 5.383700
-11.397456 5.000299
-11.634539 4.609801
-11.856843 4.212820
-12.064306 3.809958
-12.256892 3.401810
-12.434583 2.988959
-12.597386 2.571975
-12.745327 2.151419
-12.878451 1.727837
-12.996819 1.301765
-13.100512 0.873724
-13.189625 0.444223
-13.264268 0.013757
-13.324565 -0.417193
-13.370652 -0.848157
-13.402679 -1.278681
-13.420806 -1.708323
-13.425204 -2.136656
-13.416052 -2.563264
-13.393540 -2.987745
-13.357866 -3.409712
-13.309235 -3.828788
-13.247859 -4.244611
-13.173956 -4.656830
-13.087750 -5.065108
-12.989472 -5.469118
-12.879355 -5.868547
-12.757639 -6.263091
-12.624567 -6.652461
-12.480383 -7.036377
-12.325339 -7.414569
-12.159685 -7.786780
-11.983677 -8.152761
-11.797571 -8.512277
-11.601626 -8.865098
-11.396101 -9.211008
-11.181259 -9.549798
-10.957361 -9.881268
-10.724671 -10.205230
-10.483453 -10.521501
