0.000000 1.000000
0.010000 2.020050
0.020000 3.060350
0.030000 4.121099
0.040000 5.202496
0.050000 6.304741
0.060000 7.428032
0.070000 8.572569
0.080000 9.738549
0.090000 10.926171
0.100000 12.135633
0.110000 13.367132
0.120000 14.620864
0.130000 15.897026
0.140000 17.195814
0.150000 18.517423
0.160000 19.862048
0.170000 21.229881
0.180000 22.621116
0.190000 24.035946
0.200000 25.474560
0.210000 26.937151
0.220000 28.423906
0.230000 29.935013
0.240000 31.470661
0.250000 33.031035
0.260000 34.616318
0.270000 36.226696
0.280000 37.862349
0.290000 39.523457
0.300000 41.210201
0.310000 42.922757
0.320000 44.661301
0.330000 46.426006
0.340000 48.217046
0.350000 50.034590
0.360000 51.878807
0.370000 53.749864
0.380000 55.647924
0.390000 57.573150
0.400000 59.525701
0.410000 61.505736
0.420000 63.513410
0.430000 65.548875
0.440000 67.612281
0.450000 69.703777
0.460000 71.823508
0.470000 73.971614
0.480000 76.148236
0.490000 78.353510
0.500000 80.587569
0.510000 82.850543
0.520000 85.142559
0.530000 87.463740
0.540000 89.814207
0.550000 92.194075
0.560000 94.603458
0.570000 97.042465
0.580000 99.511202
0.590000 102.009769
0.600000 104.538265
0.610000 107.096783
0.620000 109.685412
0.630000 112.304237
0.640000 114.953338
0.650000 117.632791
0.660000 120.342668
0.670000 123.083036
0.680000 125.853955
0.690000 128.655483
0.700000 131.487671
0.710000 134.350566
0.720000 137.244209
0.730000 140.168635
0.740000 143.123876
0.750000 146.109956
0.760000 149.126893
0.770000 152.174701
0.780000 155.253386
0.790000 158.362949
0.800000 161.503385
0.810000 164.674681
0.820000 167.876820
0.830000 171.109777
0.840000 174.373519
0.850000 177.668008
0.860000 180.993198
0.870000 184.349036
0.880000 187.735462
0.890000 191.152408
0.900000 194.599799
0.910000 198.077553
0.920000 201.585577
0.930000 205.123773
0.940000 208.692035
0.950000 212.290247
0.960000 215.918285
0.970000 219.576017
0.980000 223.263302
0.990000 226.979990
1.000000 230.725922
1.010000 234.500930
1.020000 238.304836
1.030000 242.137454
1.040000 245.998587
1.050000 249.888029
1.060000 253.805563
1.070000 257.750963
1.080000 261.723992
1.090000 265.724403
1.100000 269.751939
1.110000 273.806331
1.120000 277.887299
1.130000 281.994554
1.140000 286.127793
1.150000 290.286703
1.160000 294.470960
1.170000 298.680226
1.180000 302.914155
1.190000 307.172385
1.200000 311.454543
1.210000 315.760244
1.220000 320.089091
1.230000 324.440673
1.240000 328.814566
1.250000 333.210334
1.260000 337.627526
1.270000 342.065679
1.280000 346.524315
1.290000 351.002945
1.300000 355.501061
1.310000 360.018146
1.320000 364.553665
1.330000 369.107069
1.340000 373.677797
1.350000 378.265269
1.360000 382.868892
1.370000 387.488057
1.380000 392.122141
1.390000 396.770504
1.400000 401.432489
1.410000 406.107424
1.420000 410.794623
1.430000 415.493379
1.440000 420.202971
1.450000 424.922662
1.460000 429.651695
1.470000 434.389299
1.480000 439.134683
1.490000 443.887040
1.500000 448.645545
1.510000 453.409353
1.520000 458.177603
1.530000 462.949414
1.540000 467.723889
1.550000 472.500110
1.560000 477.277140
1.570000 482.054022
1.580000 486.829783
1.590000 491.603427
1.600000 496.373940
1.610000 501.140286
1.620000 505.901413
1.630000 510.656243
1.640000 515.403682
1.650000 520.142613
1.660000 524.871899
1.670000 529.590381
1.680000 534.296878
1.690000 538.990191
1.700000 543.669095
1.710000 548.332345
1.720000 552.978674
1.730000 557.606792
1.740000 562.215388
1.750000 566.803126
1.760000 571.368648
1.770000 575.910574
1.780000 580.427499
1.790000 584.917997
1.800000 589.380615
1.810000 593.813880
1.820000 598.216291
1.830000 602.586325
1.840000 606.922435
1.850000 611.223049
1.860000 615.486569
1.870000 619.711374
1.880000 623.895817
1.890000 628.038225
1.900000 632.136901
1.910000 636.190121
1.920000 640.196137
1.930000 644.153173
1.940000 648.059428
1.950000 651.913074
1.960000 655.712258
1.970000 659.455098
1.980000 663.139688
1.990000 666.764093
2.000000 670.326352
2.010000 673.824476
2.020000 677.256450
2.030000 680.620228
2.040000 683.913741
2.050000 687.134890
2.060000 690.281546
2.070000 693.351555
2.080000 696.342734
2.090000 699.252871
2.100000 702.079726
2.110000 704.821029
2.120000 707.474483
2.130000 710.037763
2.140000 712.508511
2.150000 714.884345
2.160000 717.162849
2.170000 719.341582
2.180000 721.418071
2.190000 723.389814
2.200000 725.254279
2.210000 727.008906
2.220000 728.651104
2.230000 730.178252
2.240000 731.587700
2.250000 732.876767
2.260000 734.042743
2.270000 735.082886
2.280000 735.994427
2.290000 736.774565
2.300000 737.420468
2.310000 737.929274
2.320000 738.298093
2.330000 738.524001
2.340000 738.604047
2.350000 738.535247
2.360000 738.314589
2.370000 737.939028
2.380000 737.405492
2.390000 736.710874
2.400000 735.852041
2.410000 734.825827
2.420000 733.629037
2.430000 732.258445
2.440000 730.710795
2.450000 728.982800
2.460000 727.071144
2.470000 724.972481
2.480000 722.683434
2.490000 720.200597
2.500000 717.520532
2.510000 714.639774
2.520000 711.554827
2.530000 708.262165
2.540000 704.758234
2.550000 701.039448
2.560000 697.102196
2.570000 692.942833
2.580000 688.557688
2.590000 683.943062
2.600000 679.095225
2.610000 674.010419
2.620000 668.684860
2.630000 663.114734
2.640000 657.296198
2.650000 651.225385
2.660000 644.898398
2.670000 638.311313
2.680000 631.460178
2.690000 624.341018
2.700000 616.949829
2.710000 609.282580
2.720000 601.335216
2.730000 593.103656
2.740000 584.583793
2.750000 575.771497
2.760000 566.662610
2.770000 557.252953
2.780000 547.538322
2.790000 537.514490
2.800000 527.177205
2.810000 516.522194
2.820000 505.545161
2.830000 494.241789
2.840000 482.607739
2.850000 470.638649
2.860000 458.330140
2.870000 445.677811
2.880000 432.677240
2.890000 419.323988
2.900000 405.613596
2.910000 391.541589
2.920000 377.103472
2.930000 362.294734
2.940000 347.110848
2.950000 331.547270
2.960000 315.599442
2.970000 299.262790
2.980000 282.532728
2.990000 265.404655
3.000000 247.873958
3.010000 229.936010
3.020000 211.586177
3.030000 192.819810
3.040000 173.632253
3.050000 154.018838
3.060000 133.974893
3.070000 113.495733
3.080000 92.576671
3.090000 71.213012
3.100000 49.400054
3.110000 27.133094
3.120000 4.407424
3.130000 -18.781667
3.140000 -42.438892
3.150000 -66.568962
3.160000 -91.176591
3.170000 -116.266491
3.180000 -141.843371
3.190000 -167.911936
3.200000 -194.476890
3.210000 -221.542930
3.220000 -249.114745
3.230000 -277.197020
3.240000 -305.794429
3.250000 -334.911637
3.260000 -364.553301
3.270000 -394.724062
3.280000 -425.428550
3.290000 -456.671381
3.300000 -488.457155
3.310000 -520.790455
3.320000 -553.675848
3.330000 -587.117879
3.340000 -621.121074
3.350000 -655.689937
3.360000 -690.828948
3.370000 -726.542563
3.380000 -762.835212
3.390000 -799.711297
3.400000 -837.175192
3.410000 -875.231240
3.420000 -913.883752
3.430000 -953.137005
3.440000 -992.995242
3.450000 -1033.462669
3.460000 -1074.543455
3.470000 -1116.241728
3.480000 -1158.561574
3.490000 -1201.507037
3.500000 -1245.082118
3.510000 -1289.290767
3.520000 -1334.136890
3.530000 -1379.624341
3.540000 -1425.756923
3.550000 -1472.538384
3.560000 -1519.972419
3.570000 -1568.062663
3.580000 -1616.812694
3.590000 -1666.226027
3.600000 -1716.306115
3.610000 -1767.056346
3.620000 -1818.480040
3.630000 -1870.580449
3.640000 -1923.360753
3.650000 -1976.824060
3.660000 -2030.973399
3.670000 -2085.811727
3.680000 -2141.341916
3.690000 -2197.566760
3.700000 -2254.488966
3.710000 -2312.111156
3.720000 -2370.435864
3.730000 -2429.465532
3.740000 -2489.202508
3.750000 -2549.649046
3.760000 -2610.807300
3.770000 -2672.679325
3.780000 -2735.267073
3.790000 -2798.572390
3.800000 -2862.597013
3.810000 -2927.342569
3.820000 -2992.810575
3.830000 -3059.002427
3.840000 -3125.919406
3.850000 -3193.562673
3.860000 -3261.933261
3.870000 -3331.032081
3.880000 -3400.859912
3.890000 -3471.417403
3.900000 -3542.705066
3.910000 -3614.723279
3.920000 -3687.472275
3.930000 -3760.952148
3.940000 -3835.162842
3.950000 -3910.104155
3.960000 -3985.775730
3.970000 -4062.177057
3.980000 -4139.307466
3.990000 -4217.166126
4.000000 -4295.752044
4.010000 -4375.064055
4.020000 -4455.100827
4.030000 -4535.860852
4.040000 -4617.342446
4.050000 -4699.543744
4.060000 -4782.462697
4.070000 -4866.097069
4.080000 -4950.444435
4.090000 -5035.502174
4.100000 -5121.267470
4.110000 -5207.737306
4.120000 -5294.908460
4.130000 -5382.777502
4.140000 -5471.340794
4.150000 -5560.594480
4.160000 -5650.534488
4.170000 -5741.156523
4.180000 -5832.456067
4.190000 -5924.428369
4.200000 -6017.068449
4.210000 -6110.371090
4.220000 -6204.330832
4.230000 -6298.941975
4.240000 -6394.198569
4.250000 -6490.094412
4.260000 -6586.623049
4.270000 -6683.777764
4.280000 -6781.551578
4.290000 -6879.937246
4.300000 -6978.927250
4.310000 -7078.513800
4.320000 -7178.688825
4.330000 -7279.443971
4.340000 -7380.770597
4.350000 -7482.659772
4.360000 -7585.102269
4.370000 -7688.088562
4.380000 -7791.608821
4.390000 -7895.652909
4.400000 -8000.210377
4.410000 -8105.270461
4.420000 -8210.822074
4.430000 -8316.853807
4.440000 -8423.353923
4.450000 -8530.310349
4.460000 -8637.710677
4.470000 -8745.542156
4.480000 -8853.791691
4.490000 -8962.445834
4.500000 -9071.490784
4.510000 -9180.912381
4.520000 -9290.696100
4.530000 -9400.827050
4.540000 -9511.289966
4.550000 -9622.069206
4.560000 -9733.148748
4.570000 -9844.512184
4.580000 -9956.142715
4.590000 -10068.023147
4.600000 -10180.135886
4.610000 -10292.462937
4.620000 -10404.985894
4.630000 -10517.685939
4.640000 -10630.543836
4.650000 -10743.539926
4.660000 -10856.654126
4.670000 -10969.865920
4.680000 -11083.154355
4.690000 -11196.498041
4.700000 -11309.875138
4.710000 -11423.263362
4.720000 -11536.639971
4.730000 -11649.981765
4.740000 -11763.265080
4.750000 -11876.465787
4.760000 -11989.559280
4.770000 -12102.520478
4.780000 -12215.323820
4.790000 -12327.943255
4.800000 -12440.352244
4.810000 -12552.523750
4.820000 -12664.430237
4.830000 -12776.043666
4.840000 -12887.335486
4.850000 -12998.276634
4.860000 -13108.837527
4.870000 -13218.988062
4.880000 -13328.697606
4.890000 -13437.934996
4.900000 -13546.668532
4.910000 -13654.865973
4.920000 -13762.494534
4.930000 -13869.520879
4.940000 -13975.911119
4.950000 -14081.630808
4.960000 -14186.644934
4.970000 -14290.917923
4.980000 -14394.413624
4.990000 -14497.095316
5.000000 -14598.925695
5.010000 -14699.866874
5.020000 -14799.880378
5.030000 -14898.927141
5.040000 -14996.967500
5.050000 -15093.961191
5.060000 -15189.867347
5.070000 -15284.644491
5.080000 -15378.250537
5.090000 -15470.642780
5.100000 -15561.777897
5.110000 -15651.611940
5.120000 -15740.100335
5.130000 -15827.197876
5.140000 -15912.858723
5.150000 -15997.036397
5.160000 -16079.683779
5.170000 -16160.753103
5.180000 -16240.195955
5.190000 -16317.963269
5.200000 -16394.005325
5.210000 -16468.271743
5.220000 -16540.711482
5.230000 -16611.272837
5.240000 -16679.903435
5.250000 -16746.550233
5.260000 -16811.159514
5.270000 -16873.676885
5.280000 -16934.047275
5.290000 -16992.214932
5.300000 -17048.123418
5.310000 -17101.715612
5.320000 -17152.933701
5.330000 -17201.719184
5.340000 -17248.012866
5.350000 -17291.754858
5.360000 -17332.884571
5.370000 -17371.340722
5.380000 -17407.061323
5.390000 -17439.983686
5.400000 -17470.044421
5.410000 -17497.179429
5.420000 -17521.323909
5.430000 -17542.412350
5.440000 -17560.378531
5.450000 -17575.155526
5.460000 -17586.675696
5.470000 -17594.870689
5.480000 -17599.671446
5.490000 -17601.008193
5.500000 -17598.810445
5.510000 -17593.007003
5.520000 -17583.525959
5.530000 -17570.294690
5.540000 -17553.239861
5.550000 -17532.287428
5.560000 -17507.362634
5.570000 -17478.390013
5.580000 -17445.293389
5.590000 -17407.995879
5.600000 -17366.419892
5.610000 -17320.487132
5.620000 -17270.118601
5.630000 -17215.234595
5.640000 -17155.754714
5.650000 -17091.597857
5.660000 -17022.682230
5.670000 -16948.925343
5.680000 -16870.244017
5.690000 -16786.554385
5.700000 -16697.771896
5.710000 -16603.811317
5.720000 -16504.586738
5.730000 -16400.011574
5.740000 -16289.998571
5.750000 -16174.459807
5.760000 -16053.306701
5.770000 -15926.450013
5.780000 -15793.799851
5.790000 -15655.265675
5.800000 -15510.756304
5.810000 -15360.179920
5.820000 -15203.444074
5.830000 -15040.455694
5.840000 -14871.121085
5.850000 -14695.345944
5.860000 -14513.035360
5.870000 -14324.093826
5.880000 -14128.425242
5.890000 -13925.932923
5.900000 -13716.519612
5.910000 -13500.087481
5.920000 -13276.538144
5.930000 -13045.772663
5.940000 -12807.691559
5.950000 -12562.194821
5.960000 -12309.181913
5.970000 -12048.551787
5.980000 -11780.202892
5.990000 -11504.033182
6.000000 -11219.940132
6.010000 -10927.820743
6.020000 -10627.571558
6.030000 -10319.088672
6.040000 -10002.267744
6.050000 -9677.004008
6.060000 -9343.192289
6.070000 -9000.727013
6.080000 -8649.502221
6.090000 -8289.411583
6.100000 -7920.348415
6.110000 -7542.205688
6.120000 -7154.876046
6.130000 -6758.251821
6.140000 -6352.225048
6.150000 -5936.687481
6.160000 -5511.530610
6.170000 -5076.645678
6.180000 -4631.923693
6.190000 -4177.255456
6.200000 -3712.531566
6.210000 -3237.642450
6.220000 -2752.478373
6.230000 -2256.929463
6.240000 -1750.885726
6.250000 -1234.237068
6.260000 -706.873318
6.270000 -168.684242
6.280000 380.440428
6.290000 940.610979
6.300000 1511.937690
6.310000 2094.530812
6.320000 2688.500545
6.330000 3293.957014
6.340000 3911.010245
6.350000 4539.770140
6.360000 5180.346453
6.370000 5832.848766
6.380000 6497.386461
6.390000 7174.068694
6.400000 7863.004369
6.410000 8564.302111
6.420000 9278.070237
6.430000 10004.416728
6.440000 10743.449204
6.450000 11495.274886
6.460000 12260.000577
6.470000 13037.732622
6.480000 13828.576884
6.490000 14632.638711
6.500000 15450.022900
6.510000 16280.833670
6.520000 17125.174627
6.530000 17983.148729
6.540000 18854.858255
6.550000 19740.404767
6.560000 20639.889077
6.570000 21553.411212
6.580000 22481.070374
6.590000 23422.964907
6.600000 24379.192259
6.610000 25349.848941
6.620000 26335.030492
6.630000 27334.831438
6.640000 28349.345251
6.650000 29378.664312
6.660000 30422.879868
6.670000 31482.081989
6.680000 32556.359528
6.690000 33645.800079
6.700000 34750.489930
6.710000 35870.514022
6.720000 37005.955904
6.730000 38156.897686
6.740000 39323.419994
6.750000 40505.601927
6.760000 41703.521001
6.770000 42917.253112
6.780000 44146.872480
6.790000 45392.451601
6.800000 46654.061201
6.810000 47931.770182
6.820000 49225.645571
6.830000 50535.752471
6.840000 51862.154005
6.850000 53204.911268
6.860000 54564.083268
6.870000 55939.726873
6.880000 57331.896760
6.890000 58740.645353
6.900000 60166.022773
6.910000 61608.076775
6.920000 63066.852694
6.930000 64542.393387
6.940000 66034.739170
6.950000 67543.927763
6.960000 69069.994227
6.970000 70612.970902
6.980000 72172.887347
6.990000 73749.770278
7.000000 75343.643501
7.010000 76954.527854
7.020000 78582.441136
7.030000 80227.398047
7.040000 81889.410118
7.050000 83568.485648
7.060000 85264.629632
7.070000 86977.843699
7.080000 88708.126038
7.090000 90455.471329
7.100000 92219.870675
7.110000 94001.311533
7.120000 95799.777635
7.130000 97615.248924
7.140000 99447.701474
7.150000 101297.107423
7.160000 103163.434894
7.170000 105046.647919
7.180000 106946.706369
7.190000 108863.565871
7.200000 110797.177736
7.210000 112747.488878
7.220000 114714.441734
7.230000 116697.974192
7.240000 118698.019503
7.250000 120714.506203
7.260000 122747.358034
7.270000 124796.493861
7.280000 126861.827587
7.290000 128943.268072
7.300000 131040.719049
7.310000 133154.079038
7.320000 135283.241264
7.330000 137428.093565
7.340000 139588.518312
7.350000 141764.392317
7.360000 143955.586749
7.370000 146161.967040
7.380000 148383.392803
7.390000 150619.717735
7.400000 152870.789533
7.410000 155136.449797
7.420000 157416.533945
7.430000 159710.871113
7.440000 162019.284069
7.450000 164341.589116
7.460000 166677.595998
7.470000 169027.107808
7.480000 171389.920888
7.490000 173765.824738
7.500000 176154.601919
7.510000 178556.027953
7.520000 180969.871229
7.530000 183395.892902
7.540000 185833.846799
7.550000 188283.479314
7.560000 190744.529316
7.570000 193216.728041
7.580000 195699.798998
7.590000 198193.457865
7.600000 200697.412388
7.610000 203211.362280
7.620000 205734.999119
7.630000 208268.006242
7.640000 210810.058647
7.650000 213360.822887
7.660000 215919.956965
7.670000 218487.110232
7.680000 221061.923280
7.690000 223644.027840
7.700000 226233.046675
7.710000 228828.593474
7.720000 231430.272746
7.730000 234037.679716
7.740000 236650.400216
7.750000 239268.010580
7.760000 241890.077537
7.770000 244516.158101
7.780000 247145.799468
7.790000 249778.538905
7.800000 252413.903645
7.810000 255051.410775
7.820000 257690.567134
7.830000 260330.869199
7.840000 262971.802981
7.850000 265612.843914
7.860000 268253.456747
7.870000 270893.095439
7.880000 273531.203044
7.890000 276167.211609
7.900000 278800.542064
7.910000 281430.604111
7.920000 284056.796118
7.930000 286678.505011
7.940000 289295.106165
7.950000 291905.963298
7.960000 294510.428361
7.970000 297107.841432
7.980000 299697.530608
7.990000 302278.811899
8.000000 304850.989121
8.010000 307413.353789
8.020000 309965.185010
8.030000 312505.749382
8.040000 315034.300882
8.050000 317550.080767
8.060000 320052.317465
8.070000 322540.226474
8.080000 325013.010259
8.090000 327469.858147
8.100000 329909.946224
8.110000 332332.437238
8.120000 334736.480492
8.130000 337121.211749
8.140000 339485.753127
8.150000 341829.213006
8.160000 344150.685926
8.170000 346449.252488
8.180000 348723.979263
8.190000 350973.918692
8.200000 353198.108995
8.210000 355395.574071
8.220000 357565.323413
8.230000 359706.352013
8.240000 361817.640268
8.250000 363898.153897
8.260000 365946.843849
8.270000 367962.646214
8.280000 369944.482144
8.290000 371891.257761
8.300000 373801.864077
8.310000 375675.176913
8.320000 377510.056819
8.330000 379305.348992
8.340000 381059.883201
8.350000 382772.473710
8.360000 384441.919205
8.370000 386067.002720
8.380000 387646.491569
8.390000 389179.137271
8.400000 390663.675489
8.410000 392098.825961
8.420000 393483.292437
8.430000 394815.762617
8.440000 396094.908094
8.450000 397319.384293
8.460000 398487.830415
8.470000 399598.869388
8.480000 400651.107814
8.490000 401643.135917
8.500000 402573.527501
8.510000 403440.839904
8.520000 404243.613955
8.530000 404980.373938
8.540000 405649.627554
8.550000 406249.865884
8.560000 406779.563362
8.570000 407237.177747
8.580000 407621.150092
8.590000 407929.904726
8.600000 408161.849232
8.610000 408315.374430
8.620000 408388.854364
8.630000 408380.646291
8.640000 408289.090673
8.650000 408112.511174
8.660000 407849.214654
8.670000 407497.491181
8.680000 407055.614026
8.690000 406521.839681
8.700000 405894.407866
8.710000 405171.541549
8.720000 404351.446966
8.730000 403432.313644
8.740000 402412.314430
8.750000 401289.605522
8.760000 400062.326506
8.770000 398728.600395
8.780000 397286.533675
8.790000 395734.216354
8.800000 394069.722010
8.810000 392291.107855
8.820000 390396.414792
8.830000 388383.667483
8.840000 386250.874421
8.850000 383996.028004
8.860000 381617.104615
8.870000 379112.064710
8.880000 376478.852906
8.890000 373715.398078
8.900000 370819.613458
8.910000 367789.396741
8.920000 364622.630199
8.930000 361317.180793
8.940000 357870.900296
8.950000 354281.625422
8.960000 350547.177960
8.970000 346665.364910
8.980000 342633.978628
8.990000 338450.796977
9.000000 334113.583487
9.010000 329620.087510
9.020000 324968.044398
9.030000 320155.175668
9.040000 315179.189194
9.050000 310037.779386
9.060000 304728.627388
9.070000 299249.401282
9.080000 293597.756291
9.090000 287771.334994
9.100000 281767.767550
9.110000 275584.671927
9.120000 269219.654134
9.130000 262670.308467
9.140000 255934.217758
9.150000 249008.953632
9.160000 241892.076773
9.170000 234581.137198
9.180000 227073.674532
9.190000 219367.218304
9.200000 211459.288236
9.210000 203347.394552
9.220000 195029.038286
9.230000 186501.711607
9.240000 177762.898143
9.250000 168810.073321
9.260000 159640.704711
9.270000 150252.252382
9.280000 140642.169263
9.290000 130807.901515
9.300000 120746.888913
9.310000 110456.565233
9.320000 99934.358655
9.330000 89177.692164
9.340000 78183.983976
9.350000 66950.647957
9.360000 55475.094064
9.370000 43754.728790
9.380000 31786.955617
9.390000 19569.175485
9.400000 7098.787267
9.410000 -5626.811749
9.420000 -18610.225359
9.430000 -31854.057942
9.440000 -45360.913938
9.450000 -59133.397328
9.460000 -73174.111091
9.470000 -87485.656658
9.480000 -102070.633352
9.490000 -116931.637821
9.500000 -132071.263452
9.510000 -147492.099784
9.520000 -163196.731902
9.530000 -179187.739823
9.540000 -195467.697868
9.550000 -212039.174029
9.560000 -228904.729316
9.570000 -246066.917096
9.580000 -263528.282423
9.590000 -281291.361348
9.600000 -299358.680229
9.610000 -317732.755015
9.620000 -336416.090529
9.630000 -355411.179734
9.640000 -374720.502985
9.650000 -394346.527269
9.660000 -414291.705438
9.670000 -434558.475420
9.680000 -455149.259427
9.690000 -476066.463138
9.700000 -497312.474882
9.710000 -518889.664798
9.720000 -540800.383986
9.730000 -563046.963644
9.740000 -585631.714193
9.750000 -608556.924384
9.760000 -631824.860395
9.770000 -655437.764916
9.780000 -679397.856215
9.790000 -703707.327191
9.800000 -728368.344420
9.810000 -753383.047175
9.820000 -778753.546444
9.830000 -804481.923925
9.840000 -830570.231007
9.850000 -857020.487746
9.860000 -883834.681813
9.870000 -911014.767437
9.880000 -938562.664330
9.890000 -966480.256596
9.900000 -994769.391627
9.910000 -1023431.878986
9.920000 -1052469.489267
9.930000 -1081883.952951
9.940000 -1111676.959237
9.950000 -1141850.154864
9.960000 -1172405.142917
9.970000 -1203343.481611
9.980000 -1234666.683070
9.990000 -1266376.212084
10.000000 -1298473.484847
