0.000000 0.010000
0.010000 0.020000
0.020000 0.029999
0.030000 0.039996
0.040000 0.049990
0.050000 0.059980
0.060000 0.069965
0.070000 0.079944
0.080000 0.089916
0.090000 0.099880
0.100000 0.109835
0.110000 0.119780
0.120000 0.129714
0.130000 0.139636
0.140000 0.149545
0.150000 0.159440
0.160000 0.169321
0.170000 0.179185
0.180000 0.189032
0.190000 0.198862
0.200000 0.208672
0.210000 0.218463
0.220000 0.228232
0.230000 0.237980
0.240000 0.247705
0.250000 0.257407
0.260000 0.267083
0.270000 0.276734
0.280000 0.286358
0.290000 0.295954
0.300000 0.305522
0.310000 0.315060
0.320000 0.324568
0.330000 0.334044
0.340000 0.343487
0.350000 0.352898
0.360000 0.362273
0.370000 0.371614
0.380000 0.380918
0.390000 0.390186
0.400000 0.399415
0.410000 0.408605
0.420000 0.417755
0.430000 0.426864
0.440000 0.435932
0.450000 0.444957
0.460000 0.453938
0.470000 0.462874
0.480000 0.471766
0.490000 0.480611
0.500000 0.489409
0.510000 0.498159
0.520000 0.506859
0.530000 0.515510
0.540000 0.524111
0.550000 0.532660
0.560000 0.541156
0.570000 0.549599
0.580000 0.557988
0.590000 0.566322
0.600000 0.574601
0.610000 0.582822
0.620000 0.590986
0.630000 0.599092
0.640000 0.607139
0.650000 0.615126
0.660000 0.623052
0.670000 0.630917
0.680000 0.638719
0.690000 0.646458
0.700000 0.654134
0.710000 0.661745
0.720000 0.669290
0.730000 0.676769
0.740000 0.684181
0.750000 0.691526
0.760000 0.698802
0.770000 0.706009
0.780000 0.713146
0.790000 0.720212
0.800000 0.727208
0.810000 0.734131
0.820000 0.740981
0.830000 0.747758
0.840000 0.754461
0.850000 0.761089
0.860000 0.767642
0.870000 0.774119
0.880000 0.780518
0.890000 0.786841
0.900000 0.793085
0.910000 0.799251
0.920000 0.805337
0.930000 0.811344
0.940000 0.817270
0.950000 0.823115
0.960000 0.828878
0.970000 0.834558
0.980000 0.840156
0.990000 0.845671
1.000000 0.851101
1.010000 0.856447
1.020000 0.861707
1.030000 0.866883
1.040000 0.871971
1.050000 0.876974
1.060000 0.881889
1.070000 0.886716
1.080000 0.891455
1.090000 0.896106
1.100000 0.900667
1.110000 0.905139
1.120000 0.909520
1.130000 0.913811
1.140000 0.918011
1.150000 0.922120
1.160000 0.926137
1.170000 0.930062
1.180000 0.933894
1.190000 0.937633
1.200000 0.941279
1.210000 0.944831
1.220000 0.948289
1.230000 0.951652
1.240000 0.954921
1.250000 0.958094
1.260000 0.961172
1.270000 0.964154
1.280000 0.967040
1.290000 0.969830
1.300000 0.972523
1.310000 0.975118
1.320000 0.977617
1.330000 0.980018
1.340000 0.982322
1.350000 0.984527
1.360000 0.986634
1.370000 0.988643
1.380000 0.990553
1.390000 0.992364
1.400000 0.994076
1.410000 0.995689
1.420000 0.997202
1.430000 0.998616
1.440000 0.999930
1.450000 1.001144
1.460000 1.002259
1.470000 1.003273
1.480000 1.004187
1.490000 1.005000
1.500000 1.005714
1.510000 1.006326
1.520000 1.006838
1.530000 1.007250
1.540000 1.007561
1.550000 1.007771
1.560000 1.007880
1.570000 1.007889
1.580000 1.007796
1.590000 1.007603
1.600000 1.007310
1.610000 1.006915
1.620000 1.006420
1.630000 1.005824
1.640000 1.005127
1.650000 1.004330
1.660000 1.003432
1.670000 1.002434
1.680000 1.001336
1.690000 1.000137
1.700000 0.998838
1.710000 0.997439
1.720000 0.995940
1.730000 0.994342
1.740000 0.992644
1.750000 0.990846
1.760000 0.988949
1.770000 0.986953
1.780000 0.984859
1.790000 0.982665
1.800000 0.980373
1.810000 0.977983
1.820000 0.975495
1.830000 0.972909
1.840000 0.970225
1.850000 0.967444
1.860000 0.964566
1.870000 0.961591
1.880000 0.958520
1.890000 0.955353
1.900000 0.952090
1.910000 0.948731
1.920000 0.945277
1.930000 0.941729
1.940000 0.938085
1.950000 0.934348
1.960000 0.930516
1.970000 0.926592
1.980000 0.922574
1.990000 0.918464
2.000000 0.914261
2.010000 0.909966
2.020000 0.905580
2.030000 0.901103
2.040000 0.896536
2.050000 0.891878
2.060000 0.887131
2.070000 0.882295
2.080000 0.877369
2.090000 0.872356
2.100000 0.867255
2.110000 0.862067
2.120000 0.856791
2.130000 0.851430
2.140000 0.845983
2.150000 0.840451
2.160000 0.834834
2.170000 0.829134
2.180000 0.823349
2.190000 0.817482
2.200000 0.811533
2.210000 0.805501
2.220000 0.799389
2.230000 0.793196
2.240000 0.786923
2.250000 0.780571
2.260000 0.774140
2.270000 0.767631
2.280000 0.761045
2.290000 0.754382
2.300000 0.747642
2.310000 0.740828
2.320000 0.733938
2.330000 0.726975
2.340000 0.719938
2.350000 0.712828
2.360000 0.705647
2.370000 0.698394
2.380000 0.691070
2.390000 0.683677
2.400000 0.676214
2.410000 0.668684
2.420000 0.661085
2.430000 0.653420
2.440000 0.645689
2.450000 0.637892
2.460000 0.630031
2.470000 0.622106
2.480000 0.614117
2.490000 0.606067
2.500000 0.597956
2.510000 0.589783
2.520000 0.581551
2.530000 0.573260
2.540000 0.564911
2.550000 0.556504
2.560000 0.548041
2.570000 0.539522
2.580000 0.530949
2.590000 0.522322
2.600000 0.513641
2.610000 0.504908
2.620000 0.496124
2.630000 0.487289
2.640000 0.478405
2.650000 0.469472
2.660000 0.460491
2.670000 0.451464
2.680000 0.442390
2.690000 0.433271
2.700000 0.424108
2.710000 0.414901
2.720000 0.405652
2.730000 0.396362
2.740000 0.387031
2.750000 0.377660
2.760000 0.368251
2.770000 0.358804
2.780000 0.349320
2.790000 0.339800
2.800000 0.330245
2.810000 0.320656
2.820000 0.311035
2.830000 0.301381
2.840000 0.291696
2.850000 0.281981
2.860000 0.272237
2.870000 0.262464
2.880000 0.252665
2.890000 0.242839
2.900000 0.232988
2.910000 0.223112
2.920000 0.213213
2.930000 0.203292
2.940000 0.193350
2.950000 0.183387
2.960000 0.173405
2.970000 0.163405
2.980000 0.153387
2.990000 0.143353
3.000000 0.133304
3.010000 0.123240
3.020000 0.113163
3.030000 0.103074
3.040000 0.092973
3.050000 0.082862
3.060000 0.072742
3.070000 0.062613
3.080000 0.052477
3.090000 0.042335
3.100000 0.032188
3.110000 0.022036
3.120000 0.011881
3.130000 0.001724
3.140000 -0.008434
3.150000 -0.018592
3.160000 -0.028750
3.170000 -0.038906
3.180000 -0.049058
3.190000 -0.059207
3.200000 -0.069351
3.210000 -0.079490
3.220000 -0.089621
3.230000 -0.099744
3.240000 -0.109858
3.250000 -0.119962
3.260000 -0.130056
3.270000 -0.140137
3.280000 -0.150205
3.290000 -0.160260
3.300000 -0.170299
3.310000 -0.180322
3.320000 -0.190328
3.330000 -0.200316
3.340000 -0.210286
3.350000 -0.220235
3.360000 -0.230163
3.370000 -0.240069
3.380000 -0.249952
3.390000 -0.259811
3.400000 -0.269645
3.410000 -0.279453
3.420000 -0.289234
3.430000 -0.298987
3.440000 -0.308711
3.450000 -0.318406
3.460000 -0.328069
3.470000 -0.337701
3.480000 -0.347299
3.490000 -0.356864
3.500000 -0.366395
3.510000 -0.375889
3.520000 -0.385347
3.530000 -0.394768
3.540000 -0.404150
3.550000 -0.413492
3.560000 -0.422794
3.570000 -0.432055
3.580000 -0.441273
3.590000 -0.450448
3.600000 -0.459579
3.610000 -0.468665
3.620000 -0.477705
3.630000 -0.486698
3.640000 -0.495643
3.650000 -0.504540
3.660000 -0.513387
3.670000 -0.522184
3.680000 -0.530929
3.690000 -0.539622
3.700000 -0.548262
3.710000 -0.556848
3.720000 -0.565380
3.730000 -0.573855
3.740000 -0.582274
3.750000 -0.590636
3.760000 -0.598939
3.770000 -0.607183
3.780000 -0.615368
3.790000 -0.623492
3.800000 -0.631554
3.810000 -0.639554
3.820000 -0.647490
3.830000 -0.655363
3.840000 -0.663171
3.850000 -0.670913
3.860000 -0.678590
3.870000 -0.686199
3.880000 -0.693740
3.890000 -0.701212
3.900000 -0.708615
3.910000 -0.715949
3.920000 -0.723211
3.930000 -0.730401
3.940000 -0.737520
3.950000 -0.744565
3.960000 -0.751536
3.970000 -0.758433
3.980000 -0.765255
3.990000 -0.772001
4.000000 -0.778671
4.010000 -0.785263
4.020000 -0.791777
4.030000 -0.798213
4.040000 -0.804570
4.050000 -0.810847
4.060000 -0.817043
4.070000 -0.823159
4.080000 -0.829193
4.090000 -0.835144
4.100000 -0.841012
4.110000 -0.846797
4.120000 -0.852498
4.130000 -0.858114
4.140000 -0.863645
4.150000 -0.869090
4.160000 -0.874449
4.170000 -0.879721
4.180000 -0.884905
4.190000 -0.890001
4.200000 -0.895009
4.210000 -0.899928
4.220000 -0.904758
4.230000 -0.909497
4.240000 -0.914146
4.250000 -0.918704
4.260000 -0.923170
4.270000 -0.927545
4.280000 -0.931827
4.290000 -0.936017
4.300000 -0.940114
4.310000 -0.944116
4.320000 -0.948025
4.330000 -0.951840
4.340000 -0.955559
4.350000 -0.959184
4.360000 -0.962712
4.370000 -0.966145
4.380000 -0.969482
4.390000 -0.972722
4.400000 -0.975865
4.410000 -0.978911
4.420000 -0.981859
4.430000 -0.984710
4.440000 -0.987462
4.450000 -0.990116
4.460000 -0.992671
4.470000 -0.995127
4.480000 -0.997483
4.490000 -0.999740
4.500000 -1.001898
4.510000 -1.003955
4.520000 -1.005913
4.530000 -1.007769
4.540000 -1.009526
4.550000 -1.011181
4.560000 -1.012736
4.570000 -1.014189
4.580000 -1.015541
4.590000 -1.016792
4.600000 -1.017941
4.610000 -1.018989
4.620000 -1.019934
4.630000 -1.020778
4.640000 -1.021520
4.650000 -1.022160
4.660000 -1.022697
4.670000 -1.023133
4.680000 -1.023466
4.690000 -1.023697
4.700000 -1.023825
4.710000 -1.023851
4.720000 -1.023775
4.730000 -1.023596
4.740000 -1.023315
4.750000 -1.022931
4.760000 -1.022446
4.770000 -1.021858
4.780000 -1.021167
4.790000 -1.020375
4.800000 -1.019480
4.810000 -1.018484
4.820000 -1.017385
4.830000 -1.016185
4.840000 -1.014882
4.850000 -1.013479
4.860000 -1.011973
4.870000 -1.010367
4.880000 -1.008659
4.890000 -1.006850
4.900000 -1.004940
4.910000 -1.002930
4.920000 -1.000819
4.930000 -0.998608
4.940000 -0.996296
4.950000 -0.993885
4.960000 -0.991374
4.970000 -0.988764
4.980000 -0.986055
4.990000 -0.983247
5.000000 -0.980340
5.010000 -0.977335
5.020000 -0.974232
5.030000 -0.971031
5.040000 -0.967733
5.050000 -0.964337
5.060000 -0.960845
5.070000 -0.957256
5.080000 -0.953572
5.090000 -0.949791
5.100000 -0.945915
5.110000 -0.941945
5.120000 -0.937879
5.130000 -0.933720
5.140000 -0.929466
5.150000 -0.925120
5.160000 -0.920680
5.170000 -0.916148
5.180000 -0.911524
5.190000 -0.906808
5.200000 -0.902001
5.210000 -0.897103
5.220000 -0.892115
5.230000 -0.887038
5.240000 -0.881871
5.250000 -0.876615
5.260000 -0.871272
5.270000 -0.865840
5.280000 -0.860322
5.290000 -0.854717
5.300000 -0.849026
5.310000 -0.843249
5.320000 -0.837388
5.330000 -0.831442
5.340000 -0.825412
5.350000 -0.819300
5.360000 -0.813104
5.370000 -0.806827
5.380000 -0.800469
5.390000 -0.794030
5.400000 -0.787510
5.410000 -0.780912
5.420000 -0.774234
5.430000 -0.767479
5.440000 -0.760646
5.450000 -0.753737
5.460000 -0.746751
5.470000 -0.739690
5.480000 -0.732554
5.490000 -0.725344
5.500000 -0.718062
5.510000 -0.710706
5.520000 -0.703279
5.530000 -0.695780
5.540000 -0.688212
5.550000 -0.680573
5.560000 -0.672866
5.570000 -0.665091
5.580000 -0.657249
5.590000 -0.649340
5.600000 -0.641365
5.610000 -0.633326
5.620000 -0.625222
5.630000 -0.617055
5.640000 -0.608825
5.650000 -0.600534
5.660000 -0.592182
5.670000 -0.583769
5.680000 -0.575298
5.690000 -0.566768
5.700000 -0.558181
5.710000 -0.549537
5.720000 -0.540837
5.730000 -0.532082
5.740000 -0.523273
5.750000 -0.514411
5.760000 -0.505497
5.770000 -0.496531
5.780000 -0.487515
5.790000 -0.478448
5.800000 -0.469334
5.810000 -0.460171
5.820000 -0.450961
5.830000 -0.441706
5.840000 -0.432405
5.850000 -0.423060
5.860000 -0.413672
5.870000 -0.404242
5.880000 -0.394770
5.890000 -0.385258
5.900000 -0.375706
5.910000 -0.366116
5.920000 -0.356488
5.930000 -0.346823
5.940000 -0.337123
5.950000 -0.327389
5.960000 -0.317620
5.970000 -0.307819
5.980000 -0.297986
5.990000 -0.288122
6.000000 -0.278229
6.010000 -0.268307
6.020000 -0.258356
6.030000 -0.248379
6.040000 -0.238377
6.050000 -0.228349
6.060000 -0.218297
6.070000 -0.208223
6.080000 -0.198127
6.090000 -0.188010
6.100000 -0.177873
6.110000 -0.167717
6.120000 -0.157544
6.130000 -0.147354
6.140000 -0.137148
6.150000 -0.126927
6.160000 -0.116693
6.170000 -0.106446
6.180000 -0.096187
6.190000 -0.085918
6.200000 -0.075639
6.210000 -0.065351
6.220000 -0.055056
6.230000 -0.044754
6.240000 -0.034447
6.250000 -0.024136
6.260000 -0.013820
6.270000 -0.003503
6.280000 0.006816
6.290000 0.017135
6.300000 0.027454
6.310000 0.037771
6.320000 0.048085
6.330000 0.058395
6.340000 0.068701
6.350000 0.079000
6.360000 0.089293
6.370000 0.099578
6.380000 0.109854
6.390000 0.120120
6.400000 0.130375
6.410000 0.140618
6.420000 0.150848
6.430000 0.161064
6.440000 0.171265
6.450000 0.181450
6.460000 0.191617
6.470000 0.201767
6.480000 0.211897
6.490000 0.222007
6.500000 0.232096
6.510000 0.242163
6.520000 0.252207
6.530000 0.262226
6.540000 0.272220
6.550000 0.282188
6.560000 0.292128
6.570000 0.302041
6.580000 0.311924
6.590000 0.321777
6.600000 0.331599
6.610000 0.341389
6.620000 0.351145
6.630000 0.360867
6.640000 0.370555
6.650000 0.380206
6.660000 0.389820
6.670000 0.399396
6.680000 0.408933
6.690000 0.418430
6.700000 0.427887
6.710000 0.437301
6.720000 0.446673
6.730000 0.456000
6.740000 0.465284
6.750000 0.474521
6.760000 0.483712
6.770000 0.492856
6.780000 0.501951
6.790000 0.510997
6.800000 0.519993
6.810000 0.528938
6.820000 0.537831
6.830000 0.546670
6.840000 0.555456
6.850000 0.564188
6.860000 0.572863
6.870000 0.581483
6.880000 0.590045
6.890000 0.598549
6.900000 0.606994
6.910000 0.615379
6.920000 0.623703
6.930000 0.631966
6.940000 0.640167
6.950000 0.648304
6.960000 0.656377
6.970000 0.664386
6.980000 0.672329
6.990000 0.680205
7.000000 0.688014
7.010000 0.695755
7.020000 0.703427
7.030000 0.711030
7.040000 0.718563
7.050000 0.726024
7.060000 0.733413
7.070000 0.740730
7.080000 0.747974
7.090000 0.755143
7.100000 0.762238
7.110000 0.769257
7.120000 0.776200
7.130000 0.783066
7.140000 0.789854
7.150000 0.796564
7.160000 0.803195
7.170000 0.809746
7.180000 0.816217
7.190000 0.822608
7.200000 0.828916
7.210000 0.835142
7.220000 0.841286
7.230000 0.847345
7.240000 0.853321
7.250000 0.859212
7.260000 0.865018
7.270000 0.870737
7.280000 0.876370
7.290000 0.881917
7.300000 0.887375
7.310000 0.892745
7.320000 0.898027
7.330000 0.903219
7.340000 0.908322
7.350000 0.913334
7.360000 0.918255
7.370000 0.923085
7.380000 0.927823
7.390000 0.932469
7.400000 0.937022
7.410000 0.941482
7.420000 0.945848
7.430000 0.950120
7.440000 0.954297
7.450000 0.958380
7.460000 0.962367
7.470000 0.966258
7.480000 0.970053
7.490000 0.973751
7.500000 0.977352
7.510000 0.980856
7.520000 0.984262
7.530000 0.987570
7.540000 0.990780
7.550000 0.993891
7.560000 0.996903
7.570000 0.999815
7.580000 1.002628
7.590000 1.005340
7.600000 1.007953
7.610000 1.010465
7.620000 1.012876
7.630000 1.015186
7.640000 1.017395
7.650000 1.019502
7.660000 1.021508
7.670000 1.023411
7.680000 1.025213
7.690000 1.026912
7.700000 1.028508
7.710000 1.030002
7.720000 1.031393
7.730000 1.032681
7.740000 1.033866
7.750000 1.034948
7.760000 1.035926
7.770000 1.036801
7.780000 1.037572
7.790000 1.038239
7.800000 1.038803
7.810000 1.039263
7.820000 1.039619
7.830000 1.039871
7.840000 1.040019
7.850000 1.040063
7.860000 1.040003
7.870000 1.039839
7.880000 1.039572
7.890000 1.039200
7.900000 1.038724
7.910000 1.038144
7.920000 1.037461
7.930000 1.036673
7.940000 1.035782
7.950000 1.034787
7.960000 1.033689
7.970000 1.032487
7.980000 1.031182
7.990000 1.029773
8.000000 1.028261
8.010000 1.026647
8.020000 1.024929
8.030000 1.023109
8.040000 1.021187
8.050000 1.019162
8.060000 1.017035
8.070000 1.014806
8.080000 1.012475
8.090000 1.010043
8.100000 1.007510
8.110000 1.004875
8.120000 1.002140
8.130000 0.999305
8.140000 0.996369
8.150000 0.993333
8.160000 0.990198
8.170000 0.986963
8.180000 0.983629
8.190000 0.980197
8.200000 0.976666
8.210000 0.973037
8.220000 0.969311
8.230000 0.965487
8.240000 0.961566
8.250000 0.957549
8.260000 0.953435
8.270000 0.949226
8.280000 0.944922
8.290000 0.940522
8.300000 0.936028
8.310000 0.931440
8.320000 0.926759
8.330000 0.921984
8.340000 0.917116
8.350000 0.912157
8.360000 0.907105
8.370000 0.901963
8.380000 0.896730
8.390000 0.891406
8.400000 0.885993
8.410000 0.880491
8.420000 0.874900
8.430000 0.869221
8.440000 0.863455
8.450000 0.857601
8.460000 0.851662
8.470000 0.845636
8.480000 0.839526
8.490000 0.833330
8.500000 0.827051
8.510000 0.820689
8.520000 0.814244
8.530000 0.807716
8.540000 0.801108
8.550000 0.794418
8.560000 0.787649
8.570000 0.780800
8.580000 0.773872
8.590000 0.766866
8.600000 0.759783
8.610000 0.752623
8.620000 0.745387
8.630000 0.738076
8.640000 0.730691
8.650000 0.723231
8.660000 0.715699
8.670000 0.708094
8.680000 0.700417
8.690000 0.692670
8.700000 0.684853
8.710000 0.676966
8.720000 0.669011
8.730000 0.660988
8.740000 0.652899
8.750000 0.644743
8.760000 0.636522
8.770000 0.628237
8.780000 0.619887
8.790000 0.611475
8.800000 0.603001
8.810000 0.594466
8.820000 0.585871
8.830000 0.577216
8.840000 0.568503
8.850000 0.559731
8.860000 0.550903
8.870000 0.542019
8.880000 0.533080
8.890000 0.524087
8.900000 0.515040
8.910000 0.505941
8.920000 0.496791
8.930000 0.487590
8.940000 0.478339
8.950000 0.469040
8.960000 0.459692
8.970000 0.450298
8.980000 0.440858
8.990000 0.431372
9.000000 0.421843
9.010000 0.412270
9.020000 0.402656
9.030000 0.393000
9.040000 0.383304
9.050000 0.373568
9.060000 0.363794
9.070000 0.353983
9.080000 0.344136
9.090000 0.334253
9.100000 0.324335
9.110000 0.314385
9.120000 0.304401
9.130000 0.294387
9.140000 0.284342
9.150000 0.274267
9.160000 0.264164
9.170000 0.254034
9.180000 0.243877
9.190000 0.233695
9.200000 0.223488
9.210000 0.213258
9.220000 0.203006
9.230000 0.192732
9.240000 0.182438
9.250000 0.172125
9.260000 0.161794
9.270000 0.151445
9.280000 0.141080
9.290000 0.130700
9.300000 0.120306
9.310000 0.109899
9.320000 0.099480
9.330000 0.089049
9.340000 0.078609
9.350000 0.068160
9.360000 0.057703
9.370000 0.047240
9.380000 0.036770
9.390000 0.026296
9.400000 0.015818
9.410000 0.005337
9.420000 -0.005145
9.430000 -0.015627
9.440000 -0.026109
9.450000 -0.036590
9.460000 -0.047068
9.470000 -0.057542
9.480000 -0.068012
9.490000 -0.078476
9.500000 -0.088933
9.510000 -0.099382
9.520000 -0.109822
9.530000 -0.120252
9.540000 -0.130672
9.550000 -0.141079
9.560000 -0.151473
9.570000 -0.161854
9.580000 -0.172219
9.590000 -0.182568
9.600000 -0.192899
9.610000 -0.203212
9.620000 -0.213507
9.630000 -0.223780
9.640000 -0.234033
9.650000 -0.244263
9.660000 -0.254469
9.670000 -0.264652
9.680000 -0.274808
9.690000 -0.284939
9.700000 -0.295041
9.710000 -0.305116
9.720000 -0.315160
9.730000 -0.325175
9.740000 -0.335158
9.750000 -0.345108
9.760000 -0.355025
9.770000 -0.364907
9.780000 -0.374753
9.790000 -0.384564
9.800000 -0.394336
9.810000 -0.404071
9.820000 -0.413766
9.830000 -0.423420
9.840000 -0.433033
9.850000 -0.442604
9.860000 -0.452131
9.870000 -0.461615
9.880000 -0.471052
9.890000 -0.480444
9.900000 -0.489789
9.910000 -0.499086
9.920000 -0.508333
9.930000 -0.517531
9.940000 -0.526678
9.950000 -0.535773
9.960000 -0.544816
9.970000 -0.553805
9.980000 -0.562739
9.990000 -0.571618
10.000000 -0.580441
