0.000000 1.000000
0.010000 0.999900
0.020000 0.999700
0.030000 0.999400
0.040000 0.999000
0.050000 0.998500
0.060000 0.997900
0.070000 0.997201
0.080000 0.996401
0.090000 0.995502
0.100000 0.994503
0.110000 0.993405
0.120000 0.992207
0.130000 0.990910
0.140000 0.989514
0.150000 0.988018
0.160000 0.986424
0.170000 0.984731
0.180000 0.982939
0.190000 0.981048
0.200000 0.979060
0.210000 0.976973
0.220000 0.974788
0.230000 0.972506
0.240000 0.970126
0.250000 0.967649
0.260000 0.965075
0.270000 0.962404
0.280000 0.959637
0.290000 0.956773
0.300000 0.953814
0.310000 0.950759
0.320000 0.947608
0.330000 0.944362
0.340000 0.941022
0.350000 0.937587
0.360000 0.934058
0.370000 0.930435
0.380000 0.926719
0.390000 0.922910
0.400000 0.919008
0.410000 0.915014
0.420000 0.910928
0.430000 0.906750
0.440000 0.902482
0.450000 0.898123
0.460000 0.893673
0.470000 0.889134
0.480000 0.884505
0.490000 0.879787
0.500000 0.874981
0.510000 0.870087
0.520000 0.865105
0.530000 0.860037
0.540000 0.854882
0.550000 0.849641
0.560000 0.844314
0.570000 0.838902
0.580000 0.833406
0.590000 0.827827
0.600000 0.822163
0.610000 0.816417
0.620000 0.810589
0.630000 0.804679
0.640000 0.798688
0.650000 0.792617
0.660000 0.786466
0.670000 0.780235
0.680000 0.773926
0.690000 0.767539
0.700000 0.761074
0.710000 0.754533
0.720000 0.747915
0.730000 0.741223
0.740000 0.734455
0.750000 0.727613
0.760000 0.720698
0.770000 0.713710
0.780000 0.706650
0.790000 0.699518
0.800000 0.692316
0.810000 0.685044
0.820000 0.677703
0.830000 0.670293
0.840000 0.662815
0.850000 0.655271
0.860000 0.647660
0.870000 0.639983
0.880000 0.632242
0.890000 0.624437
0.900000 0.616569
0.910000 0.608638
0.920000 0.600645
0.930000 0.592592
0.940000 0.584478
0.950000 0.576306
0.960000 0.568075
0.970000 0.559786
0.980000 0.551440
0.990000 0.543039
1.000000 0.534582
1.010000 0.526071
1.020000 0.517506
1.030000 0.508889
1.040000 0.500221
1.050000 0.491501
1.060000 0.482731
1.070000 0.473912
1.080000 0.465045
1.090000 0.456131
1.100000 0.447169
1.110000 0.438163
1.120000 0.429111
1.130000 0.420016
1.140000 0.410878
1.150000 0.401698
1.160000 0.392477
1.170000 0.383215
1.180000 0.373915
1.190000 0.364576
1.200000 0.355199
1.210000 0.345787
1.220000 0.336338
1.230000 0.326856
1.240000 0.317339
1.250000 0.307790
1.260000 0.298209
1.270000 0.288597
1.280000 0.278956
1.290000 0.269285
1.300000 0.259587
1.310000 0.249862
1.320000 0.240110
1.330000 0.230334
1.340000 0.220534
1.350000 0.210711
1.360000 0.200866
1.370000 0.190999
1.380000 0.181113
1.390000 0.171207
1.400000 0.161284
1.410000 0.151343
1.420000 0.141386
1.430000 0.131414
1.440000 0.121428
1.450000 0.111429
1.460000 0.101417
1.470000 0.091395
1.480000 0.081362
1.490000 0.071320
1.500000 0.061270
1.510000 0.051213
1.520000 0.041150
1.530000 0.031081
1.540000 0.021009
1.550000 0.010933
1.560000 0.000855
1.570000 -0.009223
1.580000 -0.019302
1.590000 -0.029380
1.600000 -0.039456
1.610000 -0.049529
1.620000 -0.059599
1.630000 -0.069663
1.640000 -0.079721
1.650000 -0.089772
1.660000 -0.099816
1.670000 -0.109850
1.680000 -0.119874
1.690000 -0.129888
1.700000 -0.139889
1.710000 -0.149877
1.720000 -0.159852
1.730000 -0.169811
1.740000 -0.179755
1.750000 -0.189681
1.760000 -0.199589
1.770000 -0.209479
1.780000 -0.219348
1.790000 -0.229197
1.800000 -0.239024
1.810000 -0.248827
1.820000 -0.258607
1.830000 -0.268362
1.840000 -0.278091
1.850000 -0.287794
1.860000 -0.297468
1.870000 -0.307114
1.880000 -0.316730
1.890000 -0.326315
1.900000 -0.335868
1.910000 -0.345389
1.920000 -0.354877
1.930000 -0.364329
1.940000 -0.373747
1.950000 -0.383127
1.960000 -0.392471
1.970000 -0.401776
1.980000 -0.411042
1.990000 -0.420268
2.000000 -0.429452
2.010000 -0.438595
2.020000 -0.447695
2.030000 -0.456750
2.040000 -0.465761
2.050000 -0.474727
2.060000 -0.483646
2.070000 -0.492517
2.080000 -0.501340
2.090000 -0.510114
2.100000 -0.518837
2.110000 -0.527510
2.120000 -0.536130
2.130000 -0.544698
2.140000 -0.553213
2.150000 -0.561672
2.160000 -0.570077
2.170000 -0.578425
2.180000 -0.586717
2.190000 -0.594950
2.200000 -0.603125
2.210000 -0.611240
2.220000 -0.619295
2.230000 -0.627289
2.240000 -0.635221
2.250000 -0.643090
2.260000 -0.650896
2.270000 -0.658637
2.280000 -0.666314
2.290000 -0.673924
2.300000 -0.681468
2.310000 -0.688944
2.320000 -0.696353
2.330000 -0.703692
2.340000 -0.710962
2.350000 -0.718161
2.360000 -0.725290
2.370000 -0.732346
2.380000 -0.739330
2.390000 -0.746241
2.400000 -0.753077
2.410000 -0.759840
2.420000 -0.766526
2.430000 -0.773137
2.440000 -0.779671
2.450000 -0.786128
2.460000 -0.792507
2.470000 -0.798808
2.480000 -0.805029
2.490000 -0.811170
2.500000 -0.817230
2.510000 -0.823210
2.520000 -0.829108
2.530000 -0.834923
2.540000 -0.840656
2.550000 -0.846305
2.560000 -0.851870
2.570000 -0.857350
2.580000 -0.862746
2.590000 -0.868055
2.600000 -0.873278
2.610000 -0.878415
2.620000 -0.883464
2.630000 -0.888425
2.640000 -0.893298
2.650000 -0.898082
2.660000 -0.902777
2.670000 -0.907382
2.680000 -0.911896
2.690000 -0.916320
2.700000 -0.920653
2.710000 -0.924894
2.720000 -0.929043
2.730000 -0.933100
2.740000 -0.937063
2.750000 -0.940934
2.760000 -0.944710
2.770000 -0.948393
2.780000 -0.951981
2.790000 -0.955474
2.800000 -0.958872
2.810000 -0.962174
2.820000 -0.965381
2.830000 -0.968491
2.840000 -0.971505
2.850000 -0.974422
2.860000 -0.977242
2.870000 -0.979964
2.880000 -0.982589
2.890000 -0.985115
2.900000 -0.987544
2.910000 -0.989874
2.920000 -0.992105
2.930000 -0.994237
2.940000 -0.996270
2.950000 -0.998203
2.960000 -1.000037
2.970000 -1.001771
2.980000 -1.003405
2.990000 -1.004939
3.000000 -1.006373
3.010000 -1.007706
3.020000 -1.008938
3.030000 -1.010070
3.040000 -1.011101
3.050000 -1.012030
3.060000 -1.012859
3.070000 -1.013586
3.080000 -1.014212
3.090000 -1.014737
3.100000 -1.015161
3.110000 -1.015482
3.120000 -1.015703
3.130000 -1.015822
3.140000 -1.015839
3.150000 -1.015755
3.160000 -1.015569
3.170000 -1.015281
3.180000 -1.014892
3.190000 -1.014401
3.200000 -1.013809
3.210000 -1.013116
3.220000 -1.012321
3.230000 -1.011425
3.240000 -1.010427
3.250000 -1.009329
3.260000 -1.008129
3.270000 -1.006829
3.280000 -1.005427
3.290000 -1.003925
3.300000 -1.002323
3.310000 -1.000620
3.320000 -0.998816
3.330000 -0.996913
3.340000 -0.994910
3.350000 -0.992807
3.360000 -0.990605
3.370000 -0.988303
3.380000 -0.985902
3.390000 -0.983403
3.400000 -0.980805
3.410000 -0.978108
3.420000 -0.975314
3.430000 -0.972421
3.440000 -0.969432
3.450000 -0.966344
3.460000 -0.963160
3.470000 -0.959880
3.480000 -0.956503
3.490000 -0.953030
3.500000 -0.949461
3.510000 -0.945797
3.520000 -0.942038
3.530000 -0.938185
3.540000 -0.934237
3.550000 -0.930196
3.560000 -0.926061
3.570000 -0.921833
3.580000 -0.917512
3.590000 -0.913099
3.600000 -0.908595
3.610000 -0.903999
3.620000 -0.899313
3.630000 -0.894535
3.640000 -0.889669
3.650000 -0.884712
3.660000 -0.879667
3.670000 -0.874533
3.680000 -0.869311
3.690000 -0.864002
3.700000 -0.858605
3.710000 -0.853123
3.720000 -0.847554
3.730000 -0.841901
3.740000 -0.836162
3.750000 -0.830339
3.760000 -0.824433
3.770000 -0.818444
3.780000 -0.812372
3.790000 -0.806218
3.800000 -0.799983
3.810000 -0.793668
3.820000 -0.787272
3.830000 -0.780797
3.840000 -0.774243
3.850000 -0.767612
3.860000 -0.760903
3.870000 -0.754117
3.880000 -0.747255
3.890000 -0.740317
3.900000 -0.733305
3.910000 -0.726219
3.920000 -0.719060
3.930000 -0.711827
3.940000 -0.704523
3.950000 -0.697148
3.960000 -0.689703
3.970000 -0.682187
3.980000 -0.674603
3.990000 -0.666950
4.000000 -0.659230
4.010000 -0.651444
4.020000 -0.643591
4.030000 -0.635673
4.040000 -0.627691
4.050000 -0.619645
4.060000 -0.611537
4.070000 -0.603366
4.080000 -0.595135
4.090000 -0.586843
4.100000 -0.578492
4.110000 -0.570081
4.120000 -0.561613
4.130000 -0.553088
4.140000 -0.544507
4.150000 -0.535871
4.160000 -0.527180
4.170000 -0.518435
4.180000 -0.509638
4.190000 -0.500789
4.200000 -0.491889
4.210000 -0.482939
4.220000 -0.473940
4.230000 -0.464892
4.240000 -0.455797
4.250000 -0.446656
4.260000 -0.437469
4.270000 -0.428237
4.280000 -0.418962
4.290000 -0.409643
4.300000 -0.400283
4.310000 -0.390882
4.320000 -0.381441
4.330000 -0.371961
4.340000 -0.362442
4.350000 -0.352887
4.360000 -0.343295
4.370000 -0.333668
4.380000 -0.324006
4.390000 -0.314311
4.400000 -0.304584
4.410000 -0.294826
4.420000 -0.285036
4.430000 -0.275218
4.440000 -0.265371
4.450000 -0.255496
4.460000 -0.245595
4.470000 -0.235668
4.480000 -0.225717
4.490000 -0.215742
4.500000 -0.205745
4.510000 -0.195726
4.520000 -0.185686
4.530000 -0.175627
4.540000 -0.165549
4.550000 -0.155454
4.560000 -0.145342
4.570000 -0.135215
4.580000 -0.125073
4.590000 -0.114918
4.600000 -0.104750
4.610000 -0.094570
4.620000 -0.084380
4.630000 -0.074181
4.640000 -0.063973
4.650000 -0.053758
4.660000 -0.043537
4.670000 -0.033310
4.680000 -0.023078
4.690000 -0.012844
4.700000 -0.002607
4.710000 0.007632
4.720000 0.017870
4.730000 0.028108
4.740000 0.038344
4.750000 0.048577
4.760000 0.058806
4.770000 0.069031
4.780000 0.079249
4.790000 0.089461
4.800000 0.099665
4.810000 0.109860
4.820000 0.120044
4.830000 0.130218
4.840000 0.140380
4.850000 0.150529
4.860000 0.160664
4.870000 0.170783
4.880000 0.180887
4.890000 0.190974
4.900000 0.201042
4.910000 0.211092
4.920000 0.221121
4.930000 0.231129
4.940000 0.241115
4.950000 0.251078
4.960000 0.261017
4.970000 0.270931
4.980000 0.280818
4.990000 0.290679
5.000000 0.300511
5.010000 0.310315
5.020000 0.320088
5.030000 0.329830
5.040000 0.339541
5.050000 0.349218
5.060000 0.358861
5.070000 0.368470
5.080000 0.378042
5.090000 0.387578
5.100000 0.397076
5.110000 0.406535
5.120000 0.415955
5.130000 0.425333
5.140000 0.434671
5.150000 0.443965
5.160000 0.453217
5.170000 0.462423
5.180000 0.471585
5.190000 0.480700
5.200000 0.489768
5.210000 0.498788
5.220000 0.507759
5.230000 0.516680
5.240000 0.525551
5.250000 0.534369
5.260000 0.543136
5.270000 0.551848
5.280000 0.560507
5.290000 0.569110
5.300000 0.577657
5.310000 0.586147
5.320000 0.594580
5.330000 0.602954
5.340000 0.611268
5.350000 0.619522
5.360000 0.627715
5.370000 0.635846
5.380000 0.643915
5.390000 0.651919
5.400000 0.659860
5.410000 0.667735
5.420000 0.675544
5.430000 0.683286
5.440000 0.690961
5.450000 0.698567
5.460000 0.706105
5.470000 0.713572
5.480000 0.720969
5.490000 0.728295
5.500000 0.735548
5.510000 0.742729
5.520000 0.749836
5.530000 0.756869
5.540000 0.763826
5.550000 0.770708
5.560000 0.777514
5.570000 0.784243
5.580000 0.790894
5.590000 0.797466
5.600000 0.803960
5.610000 0.810373
5.620000 0.816707
5.630000 0.822959
5.640000 0.829129
5.650000 0.835218
5.660000 0.841223
5.670000 0.847145
5.680000 0.852982
5.690000 0.858735
5.700000 0.864403
5.710000 0.869985
5.720000 0.875480
5.730000 0.880889
5.740000 0.886210
5.750000 0.891442
5.760000 0.896586
5.770000 0.901641
5.780000 0.906607
5.790000 0.911482
5.800000 0.916266
5.810000 0.920960
5.820000 0.925561
5.830000 0.930071
5.840000 0.934488
5.850000 0.938812
5.860000 0.943043
5.870000 0.947179
5.880000 0.951222
5.890000 0.955169
5.900000 0.959022
5.910000 0.962779
5.920000 0.966440
5.930000 0.970005
5.940000 0.973473
5.950000 0.976845
5.960000 0.980118
5.970000 0.983295
5.980000 0.986373
5.990000 0.989353
6.000000 0.992234
6.010000 0.995016
6.020000 0.997699
6.030000 1.000283
6.040000 1.002767
6.050000 1.005150
6.060000 1.007434
6.070000 1.009617
6.080000 1.011699
6.090000 1.013680
6.100000 1.015561
6.110000 1.017339
6.120000 1.019016
6.130000 1.020592
6.140000 1.022065
6.150000 1.023437
6.160000 1.024706
6.170000 1.025873
6.180000 1.026938
6.190000 1.027899
6.200000 1.028759
6.210000 1.029515
6.220000 1.030168
6.230000 1.030719
6.240000 1.031167
6.250000 1.031511
6.260000 1.031752
6.270000 1.031891
6.280000 1.031926
6.290000 1.031857
6.300000 1.031686
6.310000 1.031412
6.320000 1.031034
6.330000 1.030553
6.340000 1.029969
6.350000 1.029282
6.360000 1.028492
6.370000 1.027599
6.380000 1.026603
6.390000 1.025505
6.400000 1.024304
6.410000 1.023000
6.420000 1.021594
6.430000 1.020085
6.440000 1.018475
6.450000 1.016762
6.460000 1.014947
6.470000 1.013031
6.480000 1.011014
6.490000 1.008895
6.500000 1.006675
6.510000 1.004354
6.520000 1.001932
6.530000 0.999410
6.540000 0.996788
6.550000 0.994065
6.560000 0.991244
6.570000 0.988322
6.580000 0.985302
6.590000 0.982183
6.600000 0.978965
6.610000 0.975649
6.620000 0.972235
6.630000 0.968723
6.640000 0.965115
6.650000 0.961409
6.660000 0.957607
6.670000 0.953709
6.680000 0.949715
6.690000 0.945626
6.700000 0.941441
6.710000 0.937163
6.720000 0.932790
6.730000 0.928323
6.740000 0.923763
6.750000 0.919110
6.760000 0.914365
6.770000 0.909528
6.780000 0.904599
6.790000 0.899580
6.800000 0.894470
6.810000 0.889270
6.820000 0.883980
6.830000 0.878602
6.840000 0.873135
6.850000 0.867581
6.860000 0.861939
6.870000 0.856210
6.880000 0.850395
6.890000 0.844495
6.900000 0.838509
6.910000 0.832440
6.920000 0.826286
6.930000 0.820049
6.940000 0.813729
6.950000 0.807327
6.960000 0.800844
6.970000 0.794281
6.980000 0.787637
6.990000 0.780913
7.000000 0.774111
7.010000 0.767231
7.020000 0.760274
7.030000 0.753239
7.040000 0.746129
7.050000 0.738943
7.060000 0.731683
7.070000 0.724349
7.080000 0.716942
7.090000 0.709462
7.100000 0.701911
7.110000 0.694288
7.120000 0.686596
7.130000 0.678834
7.140000 0.671003
7.150000 0.663104
7.160000 0.655139
7.170000 0.647107
7.180000 0.639009
7.190000 0.630847
7.200000 0.622621
7.210000 0.614332
7.220000 0.605981
7.230000 0.597568
7.240000 0.589094
7.250000 0.580561
7.260000 0.571969
7.270000 0.563319
7.280000 0.554611
7.290000 0.545848
7.300000 0.537029
7.310000 0.528155
7.320000 0.519227
7.330000 0.510247
7.340000 0.501215
7.350000 0.492132
7.360000 0.482998
7.370000 0.473816
7.380000 0.464585
7.390000 0.455307
7.400000 0.445982
7.410000 0.436612
7.420000 0.427197
7.430000 0.417738
7.440000 0.408237
7.450000 0.398694
7.460000 0.389110
7.470000 0.379487
7.480000 0.369824
7.490000 0.360124
7.500000 0.350386
7.510000 0.340613
7.520000 0.330804
7.530000 0.320961
7.540000 0.311086
7.550000 0.301178
7.560000 0.291239
7.570000 0.281270
7.580000 0.271272
7.590000 0.261246
7.600000 0.251192
7.610000 0.241113
7.620000 0.231008
7.630000 0.220879
7.640000 0.210727
7.650000 0.200553
7.660000 0.190358
7.670000 0.180143
7.680000 0.169909
7.690000 0.159657
7.700000 0.149388
7.710000 0.139103
7.720000 0.128803
7.730000 0.118489
7.740000 0.108162
7.750000 0.097824
7.760000 0.087474
7.770000 0.077115
7.780000 0.066747
7.790000 0.056371
7.800000 0.045989
7.810000 0.035601
7.820000 0.025208
7.830000 0.014812
7.840000 0.004413
7.850000 -0.005987
7.860000 -0.016388
7.870000 -0.026788
7.880000 -0.037186
7.890000 -0.047582
7.900000 -0.057974
7.910000 -0.068361
7.920000 -0.078743
7.930000 -0.089117
7.940000 -0.099484
7.950000 -0.109842
7.960000 -0.120190
7.970000 -0.130526
7.980000 -0.140851
7.990000 -0.151163
8.000000 -0.161461
8.010000 -0.171743
8.020000 -0.182010
8.030000 -0.192259
8.040000 -0.202490
8.050000 -0.212702
8.060000 -0.222894
8.070000 -0.233064
8.080000 -0.243212
8.090000 -0.253337
8.100000 -0.263437
8.110000 -0.273512
8.120000 -0.283561
8.130000 -0.293583
8.140000 -0.303576
8.150000 -0.313539
8.160000 -0.323473
8.170000 -0.333375
8.180000 -0.343244
8.190000 -0.353081
8.200000 -0.362883
8.210000 -0.372649
8.220000 -0.382380
8.230000 -0.392073
8.240000 -0.401728
8.250000 -0.411343
8.260000 -0.420919
8.270000 -0.430453
8.280000 -0.439945
8.290000 -0.449395
8.300000 -0.458800
8.310000 -0.468160
8.320000 -0.477474
8.330000 -0.486742
8.340000 -0.495962
8.350000 -0.505133
8.360000 -0.514255
8.370000 -0.523326
8.380000 -0.532345
8.390000 -0.541313
8.400000 -0.550227
8.410000 -0.559087
8.420000 -0.567891
8.430000 -0.576640
8.440000 -0.585333
8.450000 -0.593967
8.460000 -0.602543
8.470000 -0.611060
8.480000 -0.619516
8.490000 -0.627911
8.500000 -0.636245
8.510000 -0.644515
8.520000 -0.652722
8.530000 -0.660865
8.540000 -0.668942
8.550000 -0.676953
8.560000 -0.684897
8.570000 -0.692774
8.580000 -0.700582
8.590000 -0.708320
8.600000 -0.715989
8.610000 -0.723587
8.620000 -0.731113
8.630000 -0.738567
8.640000 -0.745948
8.650000 -0.753255
8.660000 -0.760487
8.670000 -0.767644
8.680000 -0.774725
8.690000 -0.781729
8.700000 -0.788656
8.710000 -0.795504
8.720000 -0.802274
8.730000 -0.808964
8.740000 -0.815574
8.750000 -0.822103
8.760000 -0.828550
8.770000 -0.834915
8.780000 -0.841198
8.790000 -0.847397
8.800000 -0.853511
8.810000 -0.859541
8.820000 -0.865486
8.830000 -0.871345
8.840000 -0.877117
8.850000 -0.882802
8.860000 -0.888399
8.870000 -0.893908
8.880000 -0.899329
8.890000 -0.904659
8.900000 -0.909900
8.910000 -0.915051
8.920000 -0.920110
8.930000 -0.925078
8.940000 -0.929954
8.950000 -0.934737
8.960000 -0.939428
8.970000 -0.944025
8.980000 -0.948528
8.990000 -0.952936
9.000000 -0.957250
9.010000 -0.961468
9.020000 -0.965591
9.030000 -0.969618
9.040000 -0.973548
9.050000 -0.977381
9.060000 -0.981116
9.070000 -0.984754
9.080000 -0.988294
9.090000 -0.991735
9.100000 -0.995078
9.110000 -0.998321
9.120000 -1.001465
9.130000 -1.004509
9.140000 -1.007453
9.150000 -1.010296
9.160000 -1.013039
9.170000 -1.015681
9.180000 -1.018221
9.190000 -1.020660
9.200000 -1.022997
9.210000 -1.025232
9.220000 -1.027364
9.230000 -1.029394
9.240000 -1.031322
9.250000 -1.033146
9.260000 -1.034867
9.270000 -1.036485
9.280000 -1.038000
9.290000 -1.039410
9.300000 -1.040717
9.310000 -1.041921
9.320000 -1.043020
9.330000 -1.044014
9.340000 -1.044905
9.350000 -1.045691
9.360000 -1.046372
9.370000 -1.046950
9.380000 -1.047422
9.390000 -1.047790
9.400000 -1.048053
9.410000 -1.048211
9.420000 -1.048264
9.430000 -1.048213
9.440000 -1.048056
9.450000 -1.047795
9.460000 -1.047429
9.470000 -1.046959
9.480000 -1.046383
9.490000 -1.045703
9.500000 -1.044918
9.510000 -1.044029
9.520000 -1.043035
9.530000 -1.041937
9.540000 -1.040735
9.550000 -1.039428
9.560000 -1.038017
9.570000 -1.036502
9.580000 -1.034884
9.590000 -1.033162
9.600000 -1.031336
9.610000 -1.029407
9.620000 -1.027375
9.630000 -1.025240
9.640000 -1.023002
9.650000 -1.020662
9.660000 -1.018219
9.670000 -1.015674
9.680000 -1.013028
9.690000 -1.010280
9.700000 -1.007430
9.710000 -1.004480
9.720000 -1.001429
9.730000 -0.998277
9.740000 -0.995025
9.750000 -0.991674
9.760000 -0.988223
9.770000 -0.984672
9.780000 -0.981023
9.790000 -0.977276
9.800000 -0.973430
9.810000 -0.969487
9.820000 -0.965446
9.830000 -0.961309
9.840000 -0.957074
9.850000 -0.952744
9.860000 -0.948318
9.870000 -0.943797
9.880000 -0.939180
9.890000 -0.934470
9.900000 -0.929666
9.910000 -0.924768
9.920000 -0.919777
9.930000 -0.914693
9.940000 -0.909518
9.950000 -0.904251
9.960000 -0.898894
9.970000 -0.893445
9.980000 -0.887907
9.990000 -0.882280
10.000000 -0.876564
